1000
509
753
395
795
501
854
224
983
447
166
763
149
351
807
290
20
52
323
444
798
311
541
875
344
614
104
434
388
672
260
87
533
365
482
328
219
688
904
202
135
70
318
637
774
477
927
146
529
602
590
680
914
483
907
258
98
11
692
486
35
304
573
920
669
407
601
888
447
505
443
583
928
761
572
54
238
499
200
119
101
790
799
15
274
707
625
724
70
317
562
106
621
136
378
291
895
979
531
343
837
974
278
765
87
850
819
325
701
371
797
802
161
596
170
787
303
795
511
374
465
426
832
86
562
562
729
809
894
613
504
731
587
782
496
27
984
667
704
685
38
501
840
551
98
362
691
753
509
554
479
974
980
663
413
894
226
494
704
120
107
208
851
47
343
699
74
679
718
778
365
108
280
557
11
378
271
702
483
780
609
963
755
589
626
520
836
852
14
540
324
122
100
527
521
795
226
595
475
296
373
192
756
5
101
768
735
372
822
219
152
431
182
259
373
808
779
209
13
146
101
337
620
553
865
141
349
443
736
824
92
461
16
848
467
117
968
202
841
791
421
345
574
603
605
947
764
736
508
777
882
961
466
502
515
331
995
864
127
731
40
219
193
56
419
660
525
388
214
718
179
636
63
105
591
668
405
355
757
913
484
991
875
951
846
390
634
841
606
761
573
646
332
118
54
752
130
931
140
344
649
671
980
712
776
572
381
181
279
490
447
764
481
322
715
327
64
349
169
22
463
94
668
795
564
722
899
694
5
39
38
654
710
371
366
839
295
99
20
574
589
467
690
423
141
405
750
557
107
271
579
570
717
599
717
281
321
617
975
678
8
366
332
719
737
699
910
384
150
930
310
92
750
1
515
891
758
265
801
865
889
380
787
606
980
505
888
653
474
215
332
482
581
664
201
670
715
463
54
218
394
365
310
144
718
825
387
476
442
188
694
683
921
481
290
901
338
530
554
812
745
238
295
327
255
848
997
322
312
404
540
58
121
850
554
839
27
941
667
822
482
361
505
403
843
147
656
181
677
562
346
423
801
641
102
408
841
99
730
153
855
271
211
976
473
765
815
853
59
835
675
893
196
180
648
391
680
304
925
357
866
271
780
19
264
234
427
105
334
158
259
189
781
822
518
254
588
685
459
999
520
134
892
717
667
540
460
347
196
385
56
414
656
837
434
920
71
213
378
757
723
637
299
504
459
817
111
399
854
570
750
375
57
994
444
724
534
904
423
82
642
479
497
298
668
283
571
92
496
949
201
220
938
852
76
749
669
187
501
876
110
251
251
167
246
695
243
132
951
18
567
593
497
64
244
518
347
167
962
195
468
163
415
406
16
492
507
37
31
8
913
141
612
516
660
210
563
903
694
515
273
261
460
771
677
704
641
24
871
603
220
339
766
987
97
134
831
957
172
863
965
437
356
929
954
17
491
517
272
186
384
546
799
845
669
477
901
310
853
125
265
73
816
31
413
914
518
244
871
42
107
188
479
816
470
785
833
961
655
457
147
391
3
299
236
24
776
490
334
629
615
599
55
431
983
468
697
853
712
920
895
172
461
726
988
931
512
173
892
519
630
392
910
986
691
499
10
467
989
697
448
604
648
503
387
983
323
85
836
36
357
731
560
818
458
900
749
322
425
994
193
407
738
103
745
429
954
756
248
943
805
696
899
453
552
287
789
875
724
625
263
81
357
175
252
167
427
353
841
852
347
386
612
85
489
357
866
796
465
466
739
270
515
991
76
67
278
865
294
354
490
558
787
199
733
39
718
161
393
911
365
92
297
977
530
139
335
748
935
800
215
26
423
730
17
499
797
295
716
91
1
206
1
789
758
87
180
828
600
925
740
965
370
37
943
900
176
630
648
463
782
863
490
205
593
507
56
742
155
772
186
156
331
187
297
89
274
478
269
874
403
9
192
773
47
487
25
575
117
26
391
899
889
881
457
835
740
513
929
895
286
115
404
969
655
701
410
281
179
679
508
935
689
700
60
88
187
86
15
656
112
406
907
353
639
364
540
380
230
822
275
868
289
679
837
944
733
247
226
912
278
734
199
967
786
612
407
325
698
423
981
162
181
888
867
821
605
760
553
835
582
828
55
871
860
892
816
593
491
394
857
769
480
409
89
618
21
496
943
71
271
924
233
453
164
452
626
769
212
179
956
146
359
11
18
219
255
186
164
746
932
374
868
764
783
957
382
156
453
325
227
725
249
812
530
765
264
156
535
829
335
843
975
694
207
345
266
462
883
782
561
815
156
429
579
939
386
961
95
839
638
